   .0000000E+00   .4231930E-04  -.6213784E-07   .7450581E-08   .2950430E-07   .1490116E-07
   .5000000E-02   .7978848E-01   .1666311E-01   .4008459E-03   .1180917E-07   .4656613E-08
   .1000000E-01   .1128379E+00   .3992825E-01   .4377173E-02   .6795674E-06   .2421439E-07
   .1500000E-01   .1381977E+00   .6061151E-01   .1153663E-01   .2337124E-04  -.1583248E-07
   .2000000E-01   .1595769E+00   .7911865E-01   .2023476E-01   .1528670E-03   .4842877E-07
   .2500000E-01   .1784124E+00   .9596214E-01   .2960919E-01   .5006862E-03   .7078052E-06
   .3000000E-01   .1954410E+00   .1115053E+00   .3923839E-01   .1146922E-02   .4826114E-05
   .3500000E-01   .2111004E+00   .1260021E+00   .4890911E-01   .2128310E-02   .1962855E-04
   .4000000E-01   .2256759E+00   .1396355E+00   .5851015E-01   .3449201E-02   .5742162E-04
   .4500000E-01   .2393654E+00   .1525417E+00   .6798294E-01   .5094613E-02   .1344942E-03
   .5000000E-01   .2523133E+00   .1648248E+00   .7729750E-01   .7039990E-02   .2693385E-03
   .5500000E-01   .2646284E+00   .1765666E+00   .8643975E-01   .9257119E-02   .4805923E-03
   .6000000E-01   .2763954E+00   .1878325E+00   .9540471E-01   .1171755E-01   .7855557E-03
   .6500000E-01   .2876814E+00   .1986757E+00   .1041927E+00   .1439441E-01   .1199394E-02
   .7000000E-01   .2985411E+00   .2091403E+00   .1128072E+00   .1726323E-01   .1734726E-02
   .7500000E-01   .3090194E+00   .2192632E+00   .1212533E+00   .2030222E-01   .2401359E-02
   .8000000E-01   .3191539E+00   .2290759E+00   .1295370E+00   .2349223E-01   .3206618E-02
   .8500000E-01   .3289765E+00   .2386052E+00   .1376650E+00   .2681657E-01   .4155502E-02
   .9000000E-01   .3385141E+00   .2478743E+00   .1456437E+00   .3026079E-01   .5250975E-02
   .9500000E-01   .3477906E+00   .2569036E+00   .1534800E+00   .3381241E-01   .6494291E-02
   .9999999E-01   .3568262E+00   .2657108E+00   .1611803E+00   .3746061E-01   .7885292E-02
   .1050000E+00   .3656391E+00   .2743117E+00   .1687510E+00   .4119608E-01   .9422675E-02
   .1100000E+00   .3742451E+00   .2827205E+00   .1761982E+00   .4501070E-01   .1110420E-01
   .1150000E+00   .3826584E+00   .2909498E+00   .1835276E+00   .4889745E-01   .1292690E-01
   .1200000E+00   .3908917E+00   .2990111E+00   .1907450E+00   .5285020E-01   .1488727E-01
   .1250000E+00   .3989566E+00   .3069146E+00   .1978557E+00   .5686356E-01   .1698141E-01
   .1300000E+00   .4068634E+00   .3146698E+00   .2048649E+00   .6093280E-01   .1920510E-01
   .1350000E+00   .4146217E+00   .3222854E+00   .2117773E+00   .6505374E-01   .2155397E-01
   .1400000E+00   .4222401E+00   .3297695E+00   .2185976E+00   .6922267E-01   .2402351E-01
   .1450000E+00   .4297267E+00   .3371292E+00   .2253303E+00   .7343627E-01   .2660913E-01
   .1500000E+00   .4370888E+00   .3443715E+00   .2319796E+00   .7769154E-01   .2930629E-01
   .1550000E+00   .4443333E+00   .3515026E+00   .2385495E+00   .8198582E-01   .3211047E-01
   .1600000E+00   .4514665E+00   .3585286E+00   .2450437E+00   .8631663E-01   .3501718E-01
   .1650000E+00   .4584944E+00   .3654549E+00   .2514661E+00   .9068179E-01   .3802207E-01
   .1700000E+00   .4654225E+00   .3722867E+00   .2578199E+00   .9507926E-01   .4112089E-01
   .1750000E+00   .4722560E+00   .3790289E+00   .2641086E+00   .9950716E-01   .4430948E-01
   .1800000E+00   .4789997E+00   .3856860E+00   .2703352E+00   .1039638E+00   .4758385E-01
   .1850000E+00   .4856583E+00   .3922624E+00   .2765028E+00   .1084475E+00   .5094013E-01
   .1900000E+00   .4922361E+00   .3987621E+00   .2826141E+00   .1129569E+00   .5437457E-01
   .1950000E+00   .4987371E+00   .4051889E+00   .2886719E+00   .1174906E+00   .5788359E-01
   .2000000E+00   .5051652E+00   .4115465E+00   .2946788E+00   .1220472E+00   .6146374E-01
   .2050000E+00   .5115240E+00   .4178383E+00   .3006372E+00   .1266256E+00   .6511174E-01
   .2100000E+00   .5178169E+00   .4240675E+00   .3065495E+00   .1312247E+00   .6882438E-01
   .2150000E+00   .5240471E+00   .4302373E+00   .3124178E+00   .1358434E+00   .7259864E-01
   .2200000E+00   .5302179E+00   .4363505E+00   .3182443E+00   .1404807E+00   .7643164E-01
   .2250000E+00   .5363321E+00   .4424099E+00   .3240311E+00   .1451356E+00   .8032057E-01
   .2300000E+00   .5423923E+00   .4484181E+00   .3297799E+00   .1498073E+00   .8426280E-01
   .2350000E+00   .5484014E+00   .4543776E+00   .3354927E+00   .1544950E+00   .8825580E-01
   .2400000E+00   .5543618E+00   .4602908E+00   .3411711E+00   .1591978E+00   .9229715E-01
   .2450000E+00   .5602757E+00   .4661600E+00   .3468170E+00   .1639150E+00   .9638454E-01
   .2500000E+00   .5661457E+00   .4719872E+00   .3524317E+00   .1686459E+00   .1005158E+00
   .2550000E+00   .5719736E+00   .4777746E+00   .3580168E+00   .1733899E+00   .1046888E+00
   .2600000E+00   .5777616E+00   .4835240E+00   .3635737E+00   .1781461E+00   .1089016E+00
   .2650000E+00   .5835116E+00   .4892372E+00   .3691038E+00   .1829142E+00   .1131522E+00
   .2700000E+00   .5892254E+00   .4949161E+00   .3746084E+00   .1876935E+00   .1174388E+00
   .2750000E+00   .5949049E+00   .5005623E+00   .3800887E+00   .1924834E+00   .1217598E+00
   .2800000E+00   .6005516E+00   .5061773E+00   .3855459E+00   .1972835E+00   .1261135E+00
   .2850000E+00   .6061672E+00   .5117627E+00   .3909810E+00   .2020932E+00   .1304982E+00
   .2900000E+00   .6117530E+00   .5173199E+00   .3963952E+00   .2069121E+00   .1349125E+00
   .2950000E+00   .6173107E+00   .5228503E+00   .4017895E+00   .2117397E+00   .1393551E+00
   .3000000E+00   .6228415E+00   .5283551E+00   .4071648E+00   .2165757E+00   .1438244E+00
   .3050000E+00   .6283467E+00   .5338356E+00   .4125220E+00   .2214195E+00   .1483193E+00
   .3100000E+00   .6338276E+00   .5392929E+00   .4178620E+00   .2262709E+00   .1528385E+00
   .3150000E+00   .6392854E+00   .5447282E+00   .4231856E+00   .2311294E+00   .1573809E+00
   .3200000E+00   .6447211E+00   .5501426E+00   .4284936E+00   .2359948E+00   .1619453E+00
   .3250000E+00   .6501358E+00   .5555370E+00   .4337869E+00   .2408666E+00   .1665306E+00
   .3300000E+00   .6555305E+00   .5609124E+00   .4390660E+00   .2457446E+00   .1711359E+00
   .3350000E+00   .6609062E+00   .5662698E+00   .4443316E+00   .2506285E+00   .1757603E+00
   .3400000E+00   .6662639E+00   .5716099E+00   .4495845E+00   .2555180E+00   .1804027E+00
   .3450000E+00   .6716043E+00   .5769336E+00   .4548252E+00   .2604128E+00   .1850623E+00
   .3500000E+00   .6769283E+00   .5822418E+00   .4600543E+00   .2653126E+00   .1897383E+00
   .3550000E+00   .6822367E+00   .5875351E+00   .4652724E+00   .2702173E+00   .1944299E+00
   .3600000E+00   .6875302E+00   .5928143E+00   .4704799E+00   .2751266E+00   .1991363E+00
   .3650000E+00   .6928096E+00   .5980800E+00   .4756775E+00   .2800402E+00   .2038569E+00
   .3700000E+00   .6980757E+00   .6033330E+00   .4808656E+00   .2849581E+00   .2085910E+00
   .3750000E+00   .7033288E+00   .6085737E+00   .4860446E+00   .2898798E+00   .2133378E+00
   .3800000E+00   .7085698E+00   .6138029E+00   .4912150E+00   .2948053E+00   .2180969E+00
   .3850000E+00   .7137991E+00   .6190211E+00   .4963772E+00   .2997345E+00   .2228675E+00
   .3900000E+00   .7190174E+00   .6242287E+00   .5015315E+00   .3046670E+00   .2276492E+00
   .3950000E+00   .7242253E+00   .6294263E+00   .5066785E+00   .3096028E+00   .2324414E+00
   .4000000E+00   .7294230E+00   .6346145E+00   .5118183E+00   .3145416E+00   .2372436E+00
   .4050000E+00   .7346114E+00   .6397935E+00   .5169515E+00   .3194835E+00   .2420553E+00
   .4100000E+00   .7397906E+00   .6449640E+00   .5220782E+00   .3244281E+00   .2468761E+00
   .4150000E+00   .7449611E+00   .6501262E+00   .5271989E+00   .3293754E+00   .2517055E+00
   .4200000E+00   .7501235E+00   .6552806E+00   .5323136E+00   .3343252E+00   .2565431E+00
   .4250000E+00   .7552781E+00   .6604276E+00   .5374230E+00   .3392774E+00   .2613886E+00
   .4300000E+00   .7604252E+00   .6655675E+00   .5425270E+00   .3442320E+00   .2662415E+00
   .4350000E+00   .7655652E+00   .6707007E+00   .5476260E+00   .3491887E+00   .2711014E+00
   .4400000E+00   .7706985E+00   .6758274E+00   .5527202E+00   .3541475E+00   .2759682E+00
   .4450000E+00   .7758254E+00   .6809481E+00   .5578099E+00   .3591083E+00   .2808413E+00
   .4500000E+00   .7809461E+00   .6860630E+00   .5628953E+00   .3640710E+00   .2857205E+00
   .4550000E+00   .7860610E+00   .6911723E+00   .5679766E+00   .3690355E+00   .2906056E+00
   .4600000E+00   .7911705E+00   .6962763E+00   .5730540E+00   .3740017E+00   .2954962E+00
   .4650000E+00   .7962747E+00   .7013754E+00   .5781276E+00   .3789695E+00   .3003921E+00
   .4700000E+00   .8013738E+00   .7064697E+00   .5831977E+00   .3839389E+00   .3052929E+00
   .4750000E+00   .8064681E+00   .7115594E+00   .5882644E+00   .3889097E+00   .3101985E+00
   .4800000E+00   .8115579E+00   .7166448E+00   .5933279E+00   .3938819E+00   .3151087E+00
   .4850000E+00   .8166434E+00   .7217261E+00   .5983884E+00   .3988555E+00   .3200232E+00
   .4900000E+00   .8217248E+00   .7268035E+00   .6034459E+00   .4038304E+00   .3249419E+00
   .4950000E+00   .8268022E+00   .7318771E+00   .6085007E+00   .4088064E+00   .3298644E+00
   .5000000E+00   .8318760E+00   .7369473E+00   .6135528E+00   .4137837E+00   .3347907E+00
   .5050000E+00   .8369461E+00   .7420141E+00   .6186025E+00   .4187620E+00   .3397205E+00
   .5100000E+00   .8420129E+00   .7470775E+00   .6236497E+00   .4237413E+00   .3446538E+00
   .5150000E+00   .8470765E+00   .7521380E+00   .6286946E+00   .4287217E+00   .3495902E+00
   .5200000E+00   .8521370E+00   .7571955E+00   .6337374E+00   .4337030E+00   .3545296E+00
   .5250000E+00   .8571946E+00   .7622504E+00   .6387782E+00   .4386852E+00   .3594720E+00
   .5300000E+00   .8622494E+00   .7673025E+00   .6438169E+00   .4436682E+00   .3644172E+00
   .5350000E+00   .8673016E+00   .7723521E+00   .6488538E+00   .4486521E+00   .3693650E+00
   .5400000E+00   .8723513E+00   .7773994E+00   .6538889E+00   .4536368E+00   .3743153E+00
   .5450000E+00   .8773986E+00   .7824444E+00   .6589224E+00   .4586222E+00   .3792681E+00
   .5500000E+00   .8824436E+00   .7874871E+00   .6639542E+00   .4636083E+00   .3842231E+00
   .5550000E+00   .8874865E+00   .7925279E+00   .6689845E+00   .4685951E+00   .3891802E+00
   .5600000E+00   .8925272E+00   .7975667E+00   .6740133E+00   .4735824E+00   .3941395E+00
   .5650000E+00   .8975660E+00   .8026036E+00   .6790408E+00   .4785704E+00   .3991006E+00
   .5700000E+00   .9026030E+00   .8076387E+00   .6840669E+00   .4835590E+00   .4040637E+00
   .5750000E+00   .9076381E+00   .8126722E+00   .6890917E+00   .4885482E+00   .4090285E+00
   .5800000E+00   .9126716E+00   .8177040E+00   .6941154E+00   .4935378E+00   .4139950E+00
   .5850000E+00   .9177034E+00   .8227343E+00   .6991379E+00   .4985279E+00   .4189632E+00
   .5900000E+00   .9227338E+00   .8277631E+00   .7041594E+00   .5035186E+00   .4239329E+00
   .5950000E+00   .9277627E+00   .8327906E+00   .7091798E+00   .5085096E+00   .4289040E+00
   .6000000E+00   .9327902E+00   .8378167E+00   .7141992E+00   .5135012E+00   .4338765E+00
   .6050000E+00   .9378163E+00   .8428416E+00   .7192177E+00   .5184931E+00   .4388503E+00
   .6100000E+00   .9428412E+00   .8478653E+00   .7242354E+00   .5234854E+00   .4438255E+00
   .6150000E+00   .9478649E+00   .8528879E+00   .7292521E+00   .5284781E+00   .4488018E+00
   .6200000E+00   .9528875E+00   .8579093E+00   .7342681E+00   .5334711E+00   .4537792E+00
   .6250000E+00   .9579089E+00   .8629297E+00   .7392833E+00   .5384645E+00   .4587578E+00
   .6300000E+00   .9629294E+00   .8679491E+00   .7442977E+00   .5434582E+00   .4637373E+00
   .6350000E+00   .9679488E+00   .8729677E+00   .7493114E+00   .5484521E+00   .4687178E+00
   .6400000E+00   .9729673E+00   .8779852E+00   .7543245E+00   .5534464E+00   .4736993E+00
   .6450000E+00   .9779850E+00   .8830020E+00   .7593370E+00   .5584410E+00   .4786817E+00
   .6500000E+00   .9830017E+00   .8880180E+00   .7643489E+00   .5634358E+00   .4836649E+00
   .6550000E+00   .9880177E+00   .8930331E+00   .7693601E+00   .5684308E+00   .4886490E+00
   .6600000E+00   .9930329E+00   .8980476E+00   .7743708E+00   .5734261E+00   .4936337E+00
   .6650000E+00   .9980474E+00   .9030613E+00   .7793811E+00   .5784217E+00   .4986193E+00
   .6700000E+00   .1003061E+01   .9080744E+00   .7843908E+00   .5834174E+00   .5036055E+00
   .6750000E+00   .1008074E+01   .9130870E+00   .7894002E+00   .5884134E+00   .5085924E+00
   .6800000E+00   .1013087E+01   .9180988E+00   .7944090E+00   .5934095E+00   .5135800E+00
   .6850000E+00   .1018099E+01   .9231101E+00   .7994174E+00   .5984059E+00   .5185681E+00
   .6900000E+00   .1023110E+01   .9281209E+00   .8044254E+00   .6034024E+00   .5235568E+00
   .6950000E+00   .1028121E+01   .9331310E+00   .8094329E+00   .6083990E+00   .5285460E+00
   .7000000E+00   .1033131E+01   .9381408E+00   .8144402E+00   .6133959E+00   .5335358E+00
   .7050000E+00   .1038141E+01   .9431500E+00   .8194470E+00   .6183929E+00   .5385260E+00
   .7100000E+00   .1043150E+01   .9481589E+00   .8244537E+00   .6233900E+00   .5435168E+00
   .7150000E+00   .1048159E+01   .9531673E+00   .8294598E+00   .6283873E+00   .5485079E+00
   .7200000E+00   .1053167E+01   .9581752E+00   .8344658E+00   .6333846E+00   .5534995E+00
   .7250000E+00   .1058175E+01   .9631829E+00   .8394715E+00   .6383822E+00   .5584915E+00
   .7300000E+00   .1063183E+01   .9681901E+00   .8444768E+00   .6433798E+00   .5634839E+00
   .7350000E+00   .1068190E+01   .9731970E+00   .8494819E+00   .6483776E+00   .5684766E+00
   .7400000E+00   .1073197E+01   .9782036E+00   .8544869E+00   .6533755E+00   .5734698E+00
   .7450000E+00   .1078204E+01   .9832098E+00   .8594915E+00   .6583735E+00   .5784632E+00
   .7500000E+00   .1083210E+01   .9882158E+00   .8644959E+00   .6633715E+00   .5834569E+00
   .7550000E+00   .1088216E+01   .9932215E+00   .8695002E+00   .6683697E+00   .5884510E+00
   .7600000E+00   .1093221E+01   .9982268E+00   .8745041E+00   .6733679E+00   .5934453E+00
   .7650000E+00   .1098227E+01   .1003232E+01   .8795080E+00   .6783662E+00   .5984399E+00
   .7700000E+00   .1103232E+01   .1008237E+01   .8845116E+00   .6833647E+00   .6034348E+00
   .7750000E+00   .1108237E+01   .1013242E+01   .8895150E+00   .6883631E+00   .6084299E+00
   .7800000E+00   .1113241E+01   .1018246E+01   .8945183E+00   .6933617E+00   .6134253E+00
   .7850000E+00   .1118246E+01   .1023250E+01   .8995215E+00   .6983603E+00   .6184208E+00
   .7900000E+00   .1123250E+01   .1028254E+01   .9045244E+00   .7033590E+00   .6234166E+00
   .7950000E+00   .1128254E+01   .1033258E+01   .9095272E+00   .7083578E+00   .6284125E+00
   .8000000E+00   .1133258E+01   .1038262E+01   .9145299E+00   .7133566E+00   .6334087E+00
   .8050000E+00   .1138262E+01   .1043265E+01   .9195325E+00   .7183555E+00   .6384051E+00
   .8100000E+00   .1143265E+01   .1048268E+01   .9245350E+00   .7233545E+00   .6434017E+00
   .8150000E+00   .1148268E+01   .1053271E+01   .9295374E+00   .7283534E+00   .6483984E+00
   .8200000E+00   .1153271E+01   .1058274E+01   .9345396E+00   .7333525E+00   .6533953E+00
   .8250000E+00   .1158274E+01   .1063277E+01   .9395416E+00   .7383515E+00   .6583923E+00
   .8300000E+00   .1163277E+01   .1068280E+01   .9445437E+00   .7433507E+00   .6633894E+00
   .8350000E+00   .1168280E+01   .1073282E+01   .9495456E+00   .7483498E+00   .6683868E+00
   .8400000E+00   .1173283E+01   .1078285E+01   .9545473E+00   .7533490E+00   .6733841E+00
   .8450000E+00   .1178285E+01   .1083287E+01   .9595491E+00   .7583483E+00   .6783817E+00
   .8500000E+00   .1183287E+01   .1088289E+01   .9645507E+00   .7633475E+00   .6833794E+00
   .8550000E+00   .1188289E+01   .1093292E+01   .9695523E+00   .7683468E+00   .6883771E+00
   .8600000E+00   .1193292E+01   .1098294E+01   .9745538E+00   .7733462E+00   .6933751E+00
   .8650000E+00   .1198294E+01   .1103296E+01   .9795552E+00   .7783456E+00   .6983731E+00
   .8700000E+00   .1203296E+01   .1108297E+01   .9845566E+00   .7833450E+00   .7033712E+00
   .8750000E+00   .1208297E+01   .1113299E+01   .9895579E+00   .7883444E+00   .7083693E+00
   .8800000E+00   .1213299E+01   .1118301E+01   .9945591E+00   .7933439E+00   .7133676E+00
   .8850000E+00   .1218301E+01   .1123302E+01   .9995603E+00   .7983434E+00   .7183660E+00
   .8900000E+00   .1223302E+01   .1128304E+01   .1004561E+01   .8033429E+00   .7233644E+00
   .8950000E+00   .1228304E+01   .1133305E+01   .1009562E+01   .8083425E+00   .7283629E+00
   .9000000E+00   .1233305E+01   .1138307E+01   .1014563E+01   .8133420E+00   .7333614E+00
   .9050000E+00   .1238307E+01   .1143308E+01   .1019564E+01   .8183416E+00   .7383601E+00
   .9100000E+00   .1243308E+01   .1148309E+01   .1024565E+01   .8233412E+00   .7433588E+00
   .9150000E+00   .1248309E+01   .1153310E+01   .1029566E+01   .8283408E+00   .7483575E+00
   .9200000E+00   .1253310E+01   .1158311E+01   .1034567E+01   .8333404E+00   .7533564E+00
   .9250000E+00   .1258311E+01   .1163312E+01   .1039568E+01   .8383401E+00   .7583553E+00
   .9300000E+00   .1263312E+01   .1168314E+01   .1044569E+01   .8433398E+00   .7633542E+00
   .9350000E+00   .1268313E+01   .1173314E+01   .1049569E+01   .8483395E+00   .7683532E+00
   .9400000E+00   .1273314E+01   .1178315E+01   .1054570E+01   .8533392E+00   .7733523E+00
   .9450000E+00   .1278315E+01   .1183316E+01   .1059571E+01   .8583389E+00   .7783514E+00
   .9500000E+00   .1283316E+01   .1188317E+01   .1064571E+01   .8633386E+00   .7833505E+00
   .9550000E+00   .1288317E+01   .1193318E+01   .1069572E+01   .8683383E+00   .7883497E+00
   .9600000E+00   .1293318E+01   .1198318E+01   .1074572E+01   .8733381E+00   .7933488E+00
   .9650000E+00   .1298319E+01   .1203319E+01   .1079573E+01   .8783379E+00   .7983481E+00
   .9700000E+00   .1303319E+01   .1208320E+01   .1084573E+01   .8833377E+00   .8033474E+00
   .9750000E+00   .1308320E+01   .1213320E+01   .1089574E+01   .8883374E+00   .8083467E+00
   .9800000E+00   .1313321E+01   .1218321E+01   .1094574E+01   .8933372E+00   .8133461E+00
   .9850000E+00   .1318321E+01   .1223322E+01   .1099575E+01   .8983371E+00   .8183454E+00
   .9899999E+00   .1323322E+01   .1228322E+01   .1104575E+01   .9033369E+00   .8233449E+00
   .9950000E+00   .1328322E+01   .1233323E+01   .1109576E+01   .9083368E+00   .8283443E+00
   .1000000E+01   .1333323E+01   .1238323E+01   .1114576E+01   .9133366E+00   .8333438E+00
